#x-dim along the horizontal axis, and y-dim along the vertical axis
                0                0                0                0                0                0                0                0                0                0
                0      0.065768169       0.12492444       0.17142825       0.20022785       0.20740536       0.19015497       0.14725028      0.080985549                0
                0       0.12492444       0.23728979       0.32562223        0.3803261       0.39395954       0.36119299       0.27969698       0.15382933                0
                0       0.17142825       0.32562223        0.4468369       0.52190459       0.54061313       0.49564904       0.38381567       0.21109311                0
                0       0.20022785        0.3803261       0.52190459       0.60958348       0.63143498       0.57891696       0.44829578       0.24655621                0
                0       0.20740536       0.39395954       0.54061313       0.63143498       0.65406971       0.59966898       0.46436539        0.2553942                0
                0       0.19015497       0.36119299       0.49564904       0.57891696       0.59966898       0.54979271       0.42574251       0.23415207                0
                0       0.14725028       0.27969698       0.38381567       0.44829578       0.46436539       0.42574251       0.32968164       0.18131989                0
                0      0.080985549       0.15382933       0.21109311       0.24655621        0.2553942       0.23415207       0.18131989      0.099723122                0
                0                0                0                0                0                0                0                0                0                0
