#x-dim along the horizontal axis, and y-dim along the vertical axis
                0                0                0                0                0                0                0                0                0                0                0                0                0                0                0                0                0                0                0                0                0                0                0                0                0                0                0                0                0                0                0                0                0                0                0                0                0                0                0                0                0                0                0                0                0                0                0                0                0                0                0                0                0                0                0                0                0                0                0                0                0                0                0                0                0                0                0                0                0                0                0                0                0                0                0                0                0                0                0                0                0                0                0                0                0                0                0                0                0                0                0                0                0                0                0                0                0                0                0                0                0
                0     0.0006647787     0.0013289013     0.0019917125     0.0026525581      0.003310786     0.0039657465     0.0046167933     0.0052632838     0.0059045802     0.0065400494     0.0071690644     0.0077910044     0.0084052556     0.0090112118     0.0096082751      0.010195856      0.010773375      0.011340262      0.011895958      0.012439913      0.012971592       0.01349047      0.013996034      0.014487785      0.014965239      0.015427924      0.015875384      0.016307177      0.016722876      0.017122072       0.01750437      0.017869394      0.018216783      0.018546194      0.018857302        0.0191498        0.0194234      0.019677831      0.019912842      0.020128202      0.020323698      0.020499137      0.020654346      0.020789171       0.02090348       0.02099716      0.021070118      0.021122282      0.021153601      0.021164044      0.021153601      0.021122282      0.021070118       0.02099716       0.02090348      0.020789171      0.020654346      0.020499137      0.020323698      0.020128202      0.019912842      0.019677831        0.0194234        0.0191498      0.018857302      0.018546194      0.018216783      0.017869394       0.01750437      0.017122072      0.016722876      0.016307177      0.015875384      0.015427924      0.014965239      0.014487785      0.013996034       0.01349047      0.012971592      0.012439913      0.011895958      0.011340262      0.010773375      0.010195856     0.0096082751     0.0090112118     0.0084052556     0.0077910044     0.0071690644     0.0065400494     0.0059045802     0.0052632838     0.0046167933     0.0039657465      0.003310786     0.0026525581     0.0019917125     0.0013289013     0.0006647787                0
                0     0.0013289013     0.0026564912     0.0039814595     0.0053024985     0.0066183046     0.0079275792     0.0092290303      0.010521373      0.011803333      0.013073645      0.014331054       0.01557432      0.016802216      0.018013531      0.019207068       0.02038165      0.021536118      0.022669333      0.023780175       0.02486755      0.025930383      0.026967626      0.027978255      0.028961273       0.02991571      0.030840623      0.031735101       0.03259826      0.033429248      0.034227246      0.034991465      0.035721153      0.036415587      0.037074084      0.037695993      0.038280701      0.038827631      0.039336242      0.039806033      0.040236541      0.040627339      0.040978044      0.041288308      0.041557826      0.041786331      0.041973598      0.042119442      0.042223719      0.042286326      0.042307203      0.042286326      0.042223719      0.042119442      0.041973598      0.041786331      0.041557826      0.041288308      0.040978044      0.040627339      0.040236541      0.039806033      0.039336242      0.038827631      0.038280701      0.037695993      0.037074084      0.036415587      0.035721153      0.034991465      0.034227246      0.033429248       0.03259826      0.031735101      0.030840623       0.02991571      0.028961273      0.027978255      0.026967626      0.025930383       0.02486755      0.023780175      0.022669333      0.021536118       0.02038165      0.019207068      0.018013531      0.016802216       0.01557432      0.014331054      0.013073645      0.011803333      0.010521373     0.0092290303     0.0079275792     0.0066183046     0.0053024985     0.0039814595     0.0026564912     0.0013289013                0
                0     0.0019917125     0.0039814595     0.0059672772     0.0079472059     0.0099192917      0.011881588      0.013832159       0.01576908      0.017690438      0.019594338        0.0214789      0.023342266      0.025182595      0.026998072      0.028786906       0.03054733      0.032277608      0.033976031      0.035640925      0.037270645      0.038863583      0.040418168      0.041932865      0.043406179      0.044836657      0.046222886      0.047563499      0.048857173       0.05010263      0.051298642      0.052444028      0.053537659      0.054578454      0.055565387      0.056497484      0.057373824      0.058193544      0.058955833       0.05965994       0.06030517      0.060890886       0.06141651      0.061881524      0.062285468      0.062627943      0.062908613      0.063127199      0.063283486       0.06337732      0.063408608       0.06337732      0.063283486      0.063127199      0.062908613      0.062627943      0.062285468      0.061881524       0.06141651      0.060890886       0.06030517       0.05965994      0.058955833      0.058193544      0.057373824      0.056497484      0.055565387      0.054578454      0.053537659      0.052444028      0.051298642       0.05010263      0.048857173      0.047563499      0.046222886      0.044836657      0.043406179      0.041932865      0.040418168      0.038863583      0.037270645      0.035640925      0.033976031      0.032277608       0.03054733      0.028786906      0.026998072      0.025182595      0.023342266        0.0214789      0.019594338      0.017690438       0.01576908      0.013832159      0.011881588     0.0099192917     0.0079472059     0.0059672772     0.0039814595     0.0019917125                0
                0     0.0026525581     0.0053024985     0.0079472059       0.01058407       0.01321049      0.015823872      0.018421638      0.021001224      0.023560084      0.026095693      0.028605549      0.031087175      0.033538122       0.03595597      0.038338334      0.040682863      0.042987243        0.0452492      0.047466501      0.049636959       0.05175843      0.053828823      0.055846093      0.057808249      0.059713356      0.061559533      0.063344958      0.065067869      0.066726566      0.068319412      0.069844835       0.07130133      0.072687459      0.074001854      0.075243218      0.076410326      0.077502027      0.078517242       0.07945497      0.080314286      0.081094341      0.081794366       0.08241367      0.082951642       0.08340775      0.083781545      0.084072657        0.0842808      0.084405768      0.084447438      0.084405768        0.0842808      0.084072657      0.083781545       0.08340775      0.082951642       0.08241367      0.081794366      0.081094341      0.080314286       0.07945497      0.078517242      0.077502027      0.076410326      0.075243218      0.074001854      0.072687459       0.07130133      0.069844835      0.068319412      0.066726566      0.065067869      0.063344958      0.061559533      0.059713356      0.057808249      0.055846093      0.053828823       0.05175843      0.049636959      0.047466501        0.0452492      0.042987243      0.040682863      0.038338334       0.03595597      0.033538122      0.031087175      0.028605549      0.026095693      0.023560084      0.021001224      0.018421638      0.015823872       0.01321049       0.01058407     0.0079472059     0.0053024985     0.0026525581                0
                0      0.003310786     0.0066183046     0.0099192917       0.01321049      0.016488651      0.019750539      0.022992936      0.026212642      0.029406479      0.032571296      0.035703969      0.038801406       0.04186055      0.044878384      0.047851928      0.050778248      0.053654456      0.056477713      0.059245234      0.061954286      0.064602198      0.067186355      0.069704207      0.072153269      0.074531125      0.076835428      0.079063903      0.081214352      0.083284652       0.08527276      0.087176714      0.088994635       0.09072473       0.09236529      0.093914696       0.09537142      0.096734024      0.098001164      0.099171588       0.10024414       0.10121777        0.1020915       0.10286448       0.10353595       0.10410524       0.10457179       0.10493515       0.10519494       0.10535092       0.10540293       0.10535092       0.10519494       0.10493515       0.10457179       0.10410524       0.10353595       0.10286448        0.1020915       0.10121777       0.10024414      0.099171588      0.098001164      0.096734024       0.09537142      0.093914696       0.09236529       0.09072473      0.088994635      0.087176714       0.08527276      0.083284652      0.081214352      0.079063903      0.076835428      0.074531125      0.072153269      0.069704207      0.067186355      0.064602198      0.061954286      0.059245234      0.056477713      0.053654456      0.050778248      0.047851928      0.044878384       0.04186055      0.038801406      0.035703969      0.032571296      0.029406479      0.026212642      0.022992936      0.019750539      0.016488651       0.01321049     0.0099192917     0.0066183046      0.003310786                0
                0     0.0039657465     0.0079275792      0.011881588      0.015823872      0.019750539      0.023657715      0.027541544      0.031398192      0.035223854      0.039014754      0.042767152      0.046477344      0.050141668      0.053756508      0.057318297       0.06082352      0.064268717      0.067650489      0.070965498      0.074210473      0.077382211      0.080477582      0.083493531      0.086427083      0.089275341      0.092035495      0.094704821      0.097280685      0.099760545       0.10214195       0.10442256       0.10660011       0.10867247       0.11063757       0.11249349       0.11423839       0.11587056       0.11738837       0.11879033       0.12007507        0.1212413       0.12228788       0.12321378       0.12401809           0.1247       0.12525884       0.12569408       0.12600526        0.1261921        0.1262544        0.1261921       0.12600526       0.12569408       0.12525884           0.1247       0.12401809       0.12321378       0.12228788        0.1212413       0.12007507       0.11879033       0.11738837       0.11587056       0.11423839       0.11249349       0.11063757       0.10867247       0.10660011       0.10442256       0.10214195      0.099760545      0.097280685      0.094704821      0.092035495      0.089275341      0.086427083      0.083493531      0.080477582      0.077382211      0.074210473      0.070965498      0.067650489      0.064268717       0.06082352      0.057318297      0.053756508      0.050141668      0.046477344      0.042767152      0.039014754      0.035223854      0.031398192      0.027541544      0.023657715      0.019750539      0.015823872      0.011881588     0.0079275792     0.0039657465                0
                0     0.0046167933     0.0092290303      0.013832159      0.018421638      0.022992936      0.027541544      0.032062971      0.036552755      0.041006467       0.04541971       0.04978813      0.054107414      0.058373301      0.062581581        0.0667281      0.070808767      0.074819554      0.078756503      0.082615729      0.086393423      0.090085857      0.093689387      0.097200458        0.1006156       0.10393145       0.10714473       0.11025228       0.11325101       0.11613799       0.11891035       0.12156535       0.12410039       0.12651296       0.12880067       0.13096127       0.13299263       0.13489274       0.13665973       0.13829185       0.13978749       0.14114519       0.14236358       0.14344148       0.14437783       0.14517169       0.14582228       0.14632896       0.14669124       0.14690874       0.14698127       0.14690874       0.14669124       0.14632896       0.14582228       0.14517169       0.14437783       0.14344148       0.14236358       0.14114519       0.13978749       0.13829185       0.13665973       0.13489274       0.13299263       0.13096127       0.12880067       0.12651296       0.12410039       0.12156535       0.11891035       0.11613799       0.11325101       0.11025228       0.10714473       0.10393145        0.1006156      0.097200458      0.093689387      0.090085857      0.086393423      0.082615729      0.078756503      0.074819554      0.070808767        0.0667281      0.062581581      0.058373301      0.054107414       0.04978813       0.04541971      0.041006467      0.036552755      0.032062971      0.027541544      0.022992936      0.018421638      0.013832159     0.0092290303     0.0046167933                0
                0     0.0052632838      0.010521373       0.01576908      0.021001224      0.026212642      0.031398192      0.036552755      0.041671246      0.046748612      0.051779842      0.056759972      0.061684087      0.066547327      0.071344893      0.076072051      0.080724134      0.085296552      0.089784793      0.094184427      0.098491113        0.1027006       0.10680873       0.11081146       0.11470483         0.118485       0.12214824       0.12569093       0.12910958       0.13240081       0.13556139       0.13858818        0.1414782       0.14422859       0.14683665       0.14929981       0.15161562        0.1537818       0.15579622       0.15765689       0.15936197       0.16090978       0.16229879       0.16352763       0.16459509       0.16550011        0.1662418       0.16681944       0.16723244       0.16748041       0.16756309       0.16748041       0.16723244       0.16681944        0.1662418       0.16550011       0.16459509       0.16352763       0.16229879       0.16090978       0.15936197       0.15765689       0.15579622        0.1537818       0.15161562       0.14929981       0.14683665       0.14422859        0.1414782       0.13858818       0.13556139       0.13240081       0.12910958       0.12569093       0.12214824         0.118485       0.11470483       0.11081146       0.10680873        0.1027006      0.098491113      0.094184427      0.089784793      0.085296552      0.080724134      0.076072051      0.071344893      0.066547327      0.061684087      0.056759972      0.051779842      0.046748612      0.041671246      0.036552755      0.031398192      0.026212642      0.021001224       0.01576908      0.010521373     0.0052632838                0
                0     0.0059045802      0.011803333      0.017690438      0.023560084      0.029406479      0.035223854      0.041006467      0.046748612      0.052444621      0.058088874        0.0636758      0.069199886      0.074655679      0.080037797      0.085340927      0.090559836      0.095689373       0.10072448       0.10566018        0.1104916       0.11521399       0.11982267        0.1243131       0.12868085       0.13292161       0.13703119       0.14100554       0.14484073       0.14853298       0.15207865       0.15547423       0.15871638       0.16180189       0.16472773         0.167491       0.17008898        0.1725191       0.17477896       0.17686634       0.17877917       0.18051557       0.18207382       0.18345239       0.18464991        0.1856652       0.18649727       0.18714528       0.18760861       0.18788679       0.18797954       0.18788679       0.18760861       0.18714528       0.18649727        0.1856652       0.18464991       0.18345239       0.18207382       0.18051557       0.17877917       0.17686634       0.17477896        0.1725191       0.17008898         0.167491       0.16472773       0.16180189       0.15871638       0.15547423       0.15207865       0.14853298       0.14484073       0.14100554       0.13703119       0.13292161       0.12868085        0.1243131       0.11982267       0.11521399        0.1104916       0.10566018       0.10072448      0.095689373      0.090559836      0.085340927      0.080037797      0.074655679      0.069199886        0.0636758      0.058088874      0.052444621      0.046748612      0.041006467      0.035223854      0.029406479      0.023560084      0.017690438      0.011803333     0.0059045802                0
                0     0.0065400494      0.013073645      0.019594338      0.026095693      0.032571296      0.039014754       0.04541971      0.051779842      0.058088874      0.064340578      0.070528787      0.076647392      0.082690355      0.088651713      0.094525582       0.10030617       0.10598776       0.11156476       0.11703165       0.12238305       0.12761368       0.13271836       0.13769206       0.14252989       0.14722705       0.15177891       0.15618099       0.16042894       0.16451856       0.16844582       0.17220685       0.17579793       0.17921552       0.18245624        0.1855169       0.18839448       0.19108614       0.19358921       0.19590124       0.19801994       0.19994321       0.20166917        0.2031961       0.20452251       0.20564707       0.20656868       0.20728644       0.20779963       0.20810775       0.20821049       0.20810775       0.20779963       0.20728644       0.20656868       0.20564707       0.20452251        0.2031961       0.20166917       0.19994321       0.19801994       0.19590124       0.19358921       0.19108614       0.18839448        0.1855169       0.18245624       0.17921552       0.17579793       0.17220685       0.16844582       0.16451856       0.16042894       0.15618099       0.15177891       0.14722705       0.14252989       0.13769206       0.13271836       0.12761368       0.12238305       0.11703165       0.11156476       0.10598776       0.10030617      0.094525582      0.088651713      0.082690355      0.076647392      0.070528787      0.064340578      0.058088874      0.051779842       0.04541971      0.039014754      0.032571296      0.026095693      0.019594338      0.013073645     0.0065400494                0
                0     0.0071690644      0.014331054        0.0214789      0.028605549      0.035703969      0.042767152       0.04978813      0.056759972        0.0636758      0.070528787      0.077312171      0.084019256      0.090643426      0.097178141       0.10361695       0.10995351       0.11618155       0.12229494       0.12828763       0.13415372       0.13988742       0.14548307       0.15093514       0.15623826       0.16138719       0.16637685       0.17120231       0.17585882       0.18034178       0.18464676       0.18876952       0.19270599       0.19645227       0.20000469       0.20335972       0.20651406        0.2094646       0.21220842       0.21474281       0.21706529       0.21917354        0.2210655       0.22273929       0.22419326       0.22542599       0.22643624       0.22722303       0.22778558       0.22812333       0.22823595       0.22812333       0.22778558       0.22722303       0.22643624       0.22542599       0.22419326       0.22273929        0.2210655       0.21917354       0.21706529       0.21474281       0.21220842        0.2094646       0.20651406       0.20335972       0.20000469       0.19645227       0.19270599       0.18876952       0.18464676       0.18034178       0.17585882       0.17120231       0.16637685       0.16138719       0.15623826       0.15093514       0.14548307       0.13988742       0.13415372       0.12828763       0.12229494       0.11618155       0.10995351       0.10361695      0.097178141      0.090643426      0.084019256      0.077312171      0.070528787        0.0636758      0.056759972       0.04978813      0.042767152      0.035703969      0.028605549        0.0214789      0.014331054     0.0071690644                0
                0     0.0077910044       0.01557432      0.023342266      0.031087175      0.038801406      0.046477344      0.054107414      0.061684087      0.069199886      0.076647392      0.084019256      0.091308204      0.098507042       0.10560866       0.11260606       0.11949234       0.12626068       0.13290443       0.13941701         0.145792       0.15202312       0.15810421       0.16402926       0.16979244       0.17538806       0.18081059       0.18605468       0.19111515       0.19598702       0.20066548        0.2051459       0.20942387       0.21349516       0.21735575       0.22100185       0.22442984       0.22763634        0.2306182       0.23337246       0.23589642       0.23818757       0.24024366       0.24206266       0.24364277       0.24498243       0.24608033       0.24693538       0.24754673       0.24791378       0.24803617       0.24791378       0.24754673       0.24693538       0.24608033       0.24498243       0.24364277       0.24206266       0.24024366       0.23818757       0.23589642       0.23337246        0.2306182       0.22763634       0.22442984       0.22100185       0.21735575       0.21349516       0.20942387        0.2051459       0.20066548       0.19598702       0.19111515       0.18605468       0.18081059       0.17538806       0.16979244       0.16402926       0.15810421       0.15202312         0.145792       0.13941701       0.13290443       0.12626068       0.11949234       0.11260606       0.10560866      0.098507042      0.091308204      0.084019256      0.076647392      0.069199886      0.061684087      0.054107414      0.046477344      0.038801406      0.031087175      0.023342266       0.01557432     0.0077910044                0
                0     0.0084052556      0.016802216      0.025182595      0.033538122       0.04186055      0.050141668      0.058373301      0.066547327      0.074655679      0.082690355      0.090643426      0.098507042       0.10627344       0.11393497       0.12148405       0.12891324       0.13621521       0.14338275        0.1504088        0.1572864       0.16400879       0.17056931       0.17696151       0.18317906       0.18921584       0.19506589       0.20072343       0.20618288       0.21143885       0.21648616       0.22131982       0.22593507       0.23032735       0.23449232       0.23842587       0.24212413       0.24558344       0.24880039        0.2517718       0.25449474       0.25696653       0.25918473       0.26114714       0.26285183       0.26429711       0.26548157       0.26640403       0.26706358       0.26745957       0.26759161       0.26745957       0.26706358       0.26640403       0.26548157       0.26429711       0.26285183       0.26114714       0.25918473       0.25696653       0.25449474        0.2517718       0.24880039       0.24558344       0.24212413       0.23842587       0.23449232       0.23032735       0.22593507       0.22131982       0.21648616       0.21143885       0.20618288       0.20072343       0.19506589       0.18921584       0.18317906       0.17696151       0.17056931       0.16400879        0.1572864        0.1504088       0.14338275       0.13621521       0.12891324       0.12148405       0.11393497       0.10627344      0.098507042      0.090643426      0.082690355      0.074655679      0.066547327      0.058373301      0.050141668       0.04186055      0.033538122      0.025182595      0.016802216     0.0084052556                0
                0     0.0090112118      0.018013531      0.026998072       0.03595597      0.044878384      0.053756508      0.062581581      0.071344893      0.080037797      0.088651713      0.097178141       0.10560866       0.11393497       0.12214883       0.13024214       0.13820692       0.14603531       0.15371958       0.16125215       0.16862558        0.1758326       0.18286609       0.18971911       0.19638491       0.20285689       0.20912868       0.21519409       0.22104713       0.22668202        0.2320932       0.23727533        0.2422233       0.24693223       0.25139746        0.2556146       0.25957947       0.26328817       0.26673704       0.26992267       0.27284192        0.2754919       0.27787001        0.2799739       0.28180148       0.28335096       0.28462081       0.28560977       0.28631687       0.28674141       0.28688297       0.28674141       0.28631687       0.28560977       0.28462081       0.28335096       0.28180148        0.2799739       0.27787001        0.2754919       0.27284192       0.26992267       0.26673704       0.26328817       0.25957947        0.2556146       0.25139746       0.24693223        0.2422233       0.23727533        0.2320932       0.22668202       0.22104713       0.21519409       0.20912868       0.20285689       0.19638491       0.18971911       0.18286609        0.1758326       0.16862558       0.16125215       0.15371958       0.14603531       0.13820692       0.13024214       0.12214883       0.11393497       0.10560866      0.097178141      0.088651713      0.080037797      0.071344893      0.062581581      0.053756508      0.044878384       0.03595597      0.026998072      0.018013531     0.0090112118                0
                0     0.0096082751      0.019207068      0.028786906      0.038338334      0.047851928      0.057318297        0.0667281      0.076072051      0.085340927      0.094525582       0.10361695       0.11260606       0.12148405       0.13024214        0.1388717       0.14736421       0.15571129       0.16390471       0.17193636       0.17979834       0.18748288        0.1949824       0.20228949       0.20939694       0.21629775        0.2229851       0.22945238       0.23569323       0.24170147       0.24747119       0.25299668       0.25827249       0.26329342       0.26805451       0.27255106       0.27677864       0.28073307       0.28441045       0.28780716       0.29091983        0.2937454       0.29628108       0.29852436       0.30047304       0.30212518       0.30347917       0.30453365        0.3052876       0.30574027       0.30589121       0.30574027        0.3052876       0.30453365       0.30347917       0.30212518       0.30047304       0.29852436       0.29628108        0.2937454       0.29091983       0.28780716       0.28441045       0.28073307       0.27677864       0.27255106       0.26805451       0.26329342       0.25827249       0.25299668       0.24747119       0.24170147       0.23569323       0.22945238        0.2229851       0.21629775       0.20939694       0.20228949        0.1949824       0.18748288       0.17979834       0.17193636       0.16390471       0.15571129       0.14736421        0.1388717       0.13024214       0.12148405       0.11260606       0.10361695      0.094525582      0.085340927      0.076072051        0.0667281      0.057318297      0.047851928      0.038338334      0.028786906      0.019207068     0.0096082751                0
                0      0.010195856       0.02038165       0.03054733      0.040682863      0.050778248       0.06082352      0.070808767      0.080724134      0.090559836       0.10030617       0.10995351       0.11949234       0.12891324       0.13820692       0.14736421       0.15637607       0.16523361       0.17392808        0.1824509       0.19079367       0.19894814       0.20690628       0.21466023       0.22220233       0.22952515       0.23662145       0.24348423       0.25010673        0.2564824       0.26260495       0.26846835        0.2740668       0.27939477       0.28444702       0.28921856       0.29370467       0.29790092       0.30180319       0.30540761       0.30871064         0.311709       0.31439974       0.31678021       0.31884806       0.32060124       0.32203802         0.323157       0.32395705        0.3244374       0.32459757        0.3244374       0.32395705         0.323157       0.32203802       0.32060124       0.31884806       0.31678021       0.31439974         0.311709       0.30871064       0.30540761       0.30180319       0.29790092       0.29370467       0.28921856       0.28444702       0.27939477        0.2740668       0.26846835       0.26260495        0.2564824       0.25010673       0.24348423       0.23662145       0.22952515       0.22220233       0.21466023       0.20690628       0.19894814       0.19079367        0.1824509       0.17392808       0.16523361       0.15637607       0.14736421       0.13820692       0.12891324       0.11949234       0.10995351       0.10030617      0.090559836      0.080724134      0.070808767       0.06082352      0.050778248      0.040682863       0.03054733       0.02038165      0.010195856                0
                0      0.010773375      0.021536118      0.032277608      0.042987243      0.053654456      0.064268717      0.074819554      0.085296552      0.095689373       0.10598776       0.11618155       0.12626068       0.13621521       0.14603531       0.15571129       0.16523361       0.17459286        0.1837798       0.19278538        0.2016007       0.21021707       0.21862597       0.22681912       0.23478843       0.24252603       0.25002428       0.25727579        0.2642734       0.27101021       0.27747956       0.28367507       0.28959063        0.2952204       0.30055882       0.30560062       0.31034084       0.31477478       0.31889808       0.32270667       0.32619679       0.32936498       0.33220814       0.33472344       0.33690841        0.3387609       0.34027907       0.34146142        0.3423068       0.34281436        0.3429836       0.34281436        0.3423068       0.34146142       0.34027907        0.3387609       0.33690841       0.33472344       0.33220814       0.32936498       0.32619679       0.32270667       0.31889808       0.31477478       0.31034084       0.30560062       0.30055882        0.2952204       0.28959063       0.28367507       0.27747956       0.27101021        0.2642734       0.25727579       0.25002428       0.24252603       0.23478843       0.22681912       0.21862597       0.21021707        0.2016007       0.19278538        0.1837798       0.17459286       0.16523361       0.15571129       0.14603531       0.13621521       0.12626068       0.11618155       0.10598776      0.095689373      0.085296552      0.074819554      0.064268717      0.053654456      0.042987243      0.032277608      0.021536118      0.010773375                0
                0      0.011340262      0.022669333      0.033976031        0.0452492      0.056477713      0.067650489      0.078756503      0.089784793       0.10072448       0.11156476       0.12229494       0.13290443       0.14338275       0.15371958       0.16390471       0.17392808        0.1837798       0.19345016        0.2029296       0.21220878       0.22127853       0.23012991       0.23875418       0.24714282       0.25528757       0.26318037       0.27081345       0.27817927       0.28527056       0.29208033       0.29860184       0.30482867       0.31075467         0.316374        0.3216811       0.32667074         0.331338       0.33567826       0.33968725       0.34336102       0.34669592       0.34968868       0.35233634       0.35463628       0.35658625        0.3581843       0.35942887       0.36031873       0.36085299       0.36103114       0.36085299       0.36031873       0.35942887        0.3581843       0.35658625       0.35463628       0.35233634       0.34968868       0.34669592       0.34336102       0.33968725       0.33567826         0.331338       0.32667074        0.3216811         0.316374       0.31075467       0.30482867       0.29860184       0.29208033       0.28527056       0.27817927       0.27081345       0.26318037       0.25528757       0.24714282       0.23875418       0.23012991       0.22127853       0.21220878        0.2029296       0.19345016        0.1837798       0.17392808       0.16390471       0.15371958       0.14338275       0.13290443       0.12229494       0.11156476       0.10072448      0.089784793      0.078756503      0.067650489      0.056477713        0.0452492      0.033976031      0.022669333      0.011340262                0
                0      0.011895958      0.023780175      0.035640925      0.047466501      0.059245234      0.070965498      0.082615729      0.094184427       0.10566018       0.11703165       0.12828763       0.13941701        0.1504088       0.16125215       0.17193636        0.1824509       0.19278538        0.2029296       0.21287356       0.22260743       0.23212162       0.24140673       0.25045361       0.25925331       0.26779717       0.27607674       0.28408385       0.29181061       0.29924939       0.30639285       0.31323393       0.31976589       0.32598227       0.33187696       0.33744412       0.34267826       0.34757422       0.35212717       0.35633261       0.36018639       0.36368471       0.36682412       0.36960152       0.37201417       0.37405968       0.37573605        0.3770416       0.37797506       0.37853551       0.37872238       0.37853551       0.37797506        0.3770416       0.37573605       0.37405968       0.37201417       0.36960152       0.36682412       0.36368471       0.36018639       0.35633261       0.35212717       0.34757422       0.34267826       0.33744412       0.33187696       0.32598227       0.31976589       0.31323393       0.30639285       0.29924939       0.29181061       0.28408385       0.27607674       0.26779717       0.25925331       0.25045361       0.24140673       0.23212162       0.22260743       0.21287356        0.2029296       0.19278538        0.1824509       0.17193636       0.16125215        0.1504088       0.13941701       0.12828763       0.11703165       0.10566018      0.094184427      0.082615729      0.070965498      0.059245234      0.047466501      0.035640925      0.023780175      0.011895958                0
                0      0.012439913       0.02486755      0.037270645      0.049636959      0.061954286      0.074210473      0.086393423      0.098491113        0.1104916       0.12238305       0.13415372         0.145792        0.1572864       0.16862558       0.17979834       0.19079367        0.2016007       0.21220878       0.22260743        0.2327864       0.24273563       0.25244532       0.26190587       0.27110795       0.28004248       0.28870065        0.2970739       0.30515397       0.31293289       0.32040299       0.32755689       0.33438753       0.34088817       0.34705239       0.35287412        0.3583476       0.36346743       0.36822857       0.37262631       0.37665631       0.38031459       0.38359756       0.38650196       0.38902492       0.39116397       0.39291699       0.39428224       0.39525838       0.39584446       0.39603988       0.39584446       0.39525838       0.39428224       0.39291699       0.39116397       0.38902492       0.38650196       0.38359756       0.38031459       0.37665631       0.37262631       0.36822857       0.36346743        0.3583476       0.35287412       0.34705239       0.34088817       0.33438753       0.32755689       0.32040299       0.31293289       0.30515397        0.2970739       0.28870065       0.28004248       0.27110795       0.26190587       0.25244532       0.24273563        0.2327864       0.22260743       0.21220878        0.2016007       0.19079367       0.17979834       0.16862558        0.1572864         0.145792       0.13415372       0.12238305        0.1104916      0.098491113      0.086393423      0.074210473      0.061954286      0.049636959      0.037270645       0.02486755      0.012439913                0
                0      0.012971592      0.025930383      0.038863583       0.05175843      0.064602198      0.077382211      0.090085857        0.1027006       0.11521399       0.12761368       0.13988742       0.15202312       0.16400879        0.1758326       0.18748288       0.19894814       0.21021707       0.22127853       0.23212162       0.24273563        0.2531101       0.26323477       0.27309966       0.28269504       0.29201143       0.30103964       0.30977076       0.31819618       0.32630757       0.33409694       0.34155659       0.34867917       0.35545765       0.36188533       0.36795587       0.37366329       0.37900194       0.38396657       0.38855226       0.39275451       0.39656915       0.39999243       0.40302096       0.40565176       0.40788222       0.40971016       0.41113377       0.41215163       0.41276275       0.41296653       0.41276275       0.41215163       0.41113377       0.40971016       0.40788222       0.40565176       0.40302096       0.39999243       0.39656915       0.39275451       0.38855226       0.38396657       0.37900194       0.37366329       0.36795587       0.36188533       0.35545765       0.34867917       0.34155659       0.33409694       0.32630757       0.31819618       0.30977076       0.30103964       0.29201143       0.28269504       0.27309966       0.26323477        0.2531101       0.24273563       0.23212162       0.22127853       0.21021707       0.19894814       0.18748288        0.1758326       0.16400879       0.15202312       0.13988742       0.12761368       0.11521399        0.1027006      0.090085857      0.077382211      0.064602198       0.05175843      0.038863583      0.025930383      0.012971592                0
                0       0.01349047      0.026967626      0.040418168      0.053828823      0.067186355      0.080477582      0.093689387       0.10680873       0.11982267       0.13271836       0.14548307       0.15810421       0.17056931       0.18286609        0.1949824       0.20690628       0.21862597       0.23012991       0.24140673       0.25244532       0.26323477       0.27376444       0.28402394       0.29400314        0.3036922       0.31308155       0.32216193       0.33092437       0.33936022       0.34746117       0.35521922       0.36262671       0.36967633       0.37636113        0.3826745       0.38861022       0.39416242       0.39932564       0.40409477       0.40846511       0.41243234       0.41599255       0.41914223       0.42187826       0.42419795       0.42609901       0.42757956       0.42863814        0.4292737       0.42948563        0.4292737       0.42863814       0.42757956       0.42609901       0.42419795       0.42187826       0.41914223       0.41599255       0.41243234       0.40846511       0.40409477       0.39932564       0.39416242       0.38861022        0.3826745       0.37636113       0.36967633       0.36262671       0.35521922       0.34746117       0.33936022       0.33092437       0.32216193       0.31308155        0.3036922       0.29400314       0.28402394       0.27376444       0.26323477       0.25244532       0.24140673       0.23012991       0.21862597       0.20690628        0.1949824       0.18286609       0.17056931       0.15810421       0.14548307       0.13271836       0.11982267       0.10680873      0.093689387      0.080477582      0.067186355      0.053828823      0.040418168      0.026967626       0.01349047                0
